0 0.71484375 0.22421875 0.10859375 0.27578125
0 0.03515625 0.2390625 0.06953125 0.29453125
0 0.459375 0.04140625 0.07109375 0.078125
0 0.6421875 0.53984375 0.20390625 0.91328125
0 0.13203125 0.54375 0.1953125 0.9125
0 0.3078125 0.5625 0.2015625 0.8453125
0 0.478125 0.56484375 0.21484375 0.82890625
0 0.80234375 0.56875 0.1765625 0.83359375
0 0.9234375 0.5703125 0.153125 0.82265625
0 0.57734375 0.0671875 0.090625 0.13359375
0 0.8921875 0.078125 0.1 0.15234375
0 0.62734375 0.09375 0.07265625 0.1046875
0 0.06171875 0.1015625 0.078125 0.15
0 0.31640625 0.11484375 0.16015625 0.2265625
0 0.83203125 0.13046875 0.1578125 0.2609375
0 0.496875 0.15859375 0.06875 0.1234375
0 0.19921875 0.18515625 0.1234375 0.33359375