0 0.58671875 0.27421875 0.2765625 0.4875
0 0.0359375 0.32109375 0.071875 0.28359375
0 0.1546875 0.38125 0.14453125 0.29609375
0 0.575 0.44375 0.2359375 0.4375
0 0.34375 0.45390625 0.20859375 0.45859375
0 0.9484375 0.48359375 0.103125 0.425
0 0.78125 0.5875 0.25546875 0.72734375
0 0.446875 0.70078125 0.15 0.26484375
0 0.1609375 0.7375 0.321875 0.51875
0 0.6765625 0.8109375 0.409375 0.378125
0 0.94296875 0.83203125 0.1140625 0.28515625
0 0.140625 0.859375 0.28046875 0.27890625
0 0.11875 0.12890625 0.14453125 0.23359375
0 0.2890625 0.13046875 0.12890625 0.26015625
0 0.91328125 0.13828125 0.1734375 0.2765625
0 0.68828125 0.13984375 0.146875 0.27890625
0 0.45390625 0.14921875 0.11796875 0.22734375
0 0.82578125 0.16953125 0.17890625 0.26015625