0 0.5171875 0.49609375 0.03515625 0.08046875
0 0.4640625 0.5578125 0.08515625 0.2578125
0 0.303125 0.59453125 0.07265625 0.31171875
0 0.7265625 0.6046875 0.04765625 0.11015625
0 0.94296875 0.60859375 0.05859375 0.10078125
0 0.0703125 0.61875 0.0859375 0.18125
0 0.8359375 0.65546875 0.04609375 0.10625
0 0.90390625 0.66015625 0.0328125 0.1140625
0 0.87890625 0.6625 0.0375 0.13828125
0 0.9328125 0.66875 0.0390625 0.059375
0 0.015625 0.696875 0.03125 0.11171875
0 0.72734375 0.74140625 0.09375 0.14921875
0 0.5484375 0.7421875 0.0703125 0.09921875
0 0.12421875 0.76328125 0.1078125 0.2109375
0 0.95 0.778125 0.0984375 0.16640625
0 0.4359375 0.78359375 0.0875 0.22734375
0 0.2734375 0.82109375 0.0625 0.31171875
0 0.63046875 0.846875 0.0578125 0.30625
0 0.80234375 0.85078125 0.13515625 0.29296875
0 0.04765625 0.85546875 0.0953125 0.28203125
0 0.17734375 0.85703125 0.16640625 0.278125
0 0.41328125 0.8625 0.16484375 0.2703125
0 0.2859375 0.8765625 0.2609375 0.24453125
0 0.52890625 0.89453125 0.1046875 0.2109375