0 0.115625 0.4234375 0.0671875 0.13359375
0 0.58671875 0.4671875 0.0328125 0.028125
0 0.82109375 0.471875 0.02734375 0.03828125
0 0.5296875 0.47265625 0.025 0.04375
0 0.3859375 0.48671875 0.02109375 0.04296875
0 0.78046875 0.4890625 0.03984375 0.0203125
0 0.97265625 0.49296875 0.02578125 0.05
0 0.89375 0.49609375 0.02265625 0.05703125
0 0.41953125 0.4984375 0.03984375 0.09375
0 0.7234375 0.4984375 0.034375 0.06484375
0 0.475 0.5 0.04140625 0.11171875
0 0.37265625 0.5109375 0.0453125 0.10703125
0 0.56484375 0.5109375 0.02734375 0.08203125
0 0.70078125 0.51640625 0.04140625 0.05
0 0.596875 0.5203125 0.03203125 0.071875
0 0.87265625 0.5203125 0.025 0.1015625
0 0.521875 0.5265625 0.04296875 0.0546875
0 0.9421875 0.528125 0.028125 0.115625
0 0.634375 0.53046875 0.03515625 0.10390625
0 0.77578125 0.5390625 0.0578125 0.071875
0 0.81796875 0.54140625 0.03203125 0.1015625
0 0.85234375 0.54296875 0.03984375 0.165625
0 0.77421875 0.578125 0.0609375 0.1484375
0 0.02734375 0.58515625 0.0546875 0.0921875
0 0.2140625 0.5953125 0.05546875 0.1421875
0 0.9109375 0.6015625 0.06484375 0.1234375
0 0.6890625 0.609375 0.04609375 0.15703125
0 0.1109375 0.6125 0.103125 0.20546875
0 0.503125 0.6390625 0.11484375 0.15234375
0 0.33125 0.68671875 0.1546875 0.33046875
0 0.61015625 0.7109375 0.121875 0.3171875
0 0.81015625 0.72734375 0.1 0.23515625
0 0.16640625 0.7625 0.15234375 0.40234375
0 0.9140625 0.82421875 0.16640625 0.31875
0 0.8921875 0.8359375 0.215625 0.32734375