0 0.196875 0.51953125 0.0734375 0.634375
0 0.0765625 0.55546875 0.1234375 0.7359375
0 0.95 0.58203125 0.1 0.7640625
0 0.3 0.6828125 0.15 0.52890625
0 0.78984375 0.68984375 0.18671875 0.6203125
0 0.48515625 0.7015625 0.153125 0.59609375
0 0.61015625 0.7015625 0.1234375 0.59609375
0 0.853125 0.16328125 0.06328125 0.125
0 0.271875 0.18515625 0.053125 0.115625
0 0.53984375 0.18984375 0.046875 0.125
0 0.91171875 0.1921875 0.046875 0.115625
0 0.328125 0.2015625 0.046875 0.10078125
0 0.64140625 0.21171875 0.03984375 0.16328125
0 0.378125 0.21875 0.046875 0.08671875
0 0.425 0.22109375 0.05 0.09609375
0 0.48203125 0.2234375 0.046875 0.1296875
0 0.75703125 0.2359375 0.0734375 0.1390625
0 0.1234375 0.25234375 0.06640625 0.1734375
0 0.2515625 0.271875 0.05 0.10546875
0 0.69296875 0.28828125 0.08359375 0.1828125
0 0.34140625 0.30078125 0.0734375 0.115625
0 0.59296875 0.31953125 0.11328125 0.22578125
0 0.83671875 0.40390625 0.10703125 0.4859375