0 0.584375 0.21796875 0.04375 0.1015625
0 0.48046875 0.23515625 0.0375 0.0625
0 0.34453125 0.27265625 0.04765625 0.10390625
0 0.5203125 0.27734375 0.03515625 0.07109375
0 0.21953125 0.278125 0.04609375 0.06953125
0 0.2875 0.284375 0.03359375 0.0984375
0 0.4078125 0.2953125 0.03515625 0.08984375
0 0.7046875 0.29765625 0.065625 0.1375
0 0.465625 0.30546875 0.02578125 0.09453125
0 0.590625 0.32421875 0.059375 0.09453125
0 0.66171875 0.325 0.03671875 0.09609375
0 0.7375 0.334375 0.03828125 0.1265625
0 0.44375 0.3390625 0.03515625 0.09765625
0 0.25078125 0.33984375 0.053125 0.0875
0 0.81328125 0.3453125 0.040625 0.1390625
0 0.48828125 0.34609375 0.040625 0.11640625
0 0.30546875 0.35 0.03515625 0.075
0 0.36796875 0.35234375 0.03984375 0.10390625
0 0.2171875 0.36015625 0.040625 0.0875
0 0.33984375 0.5609375 0.08984375 0.415625
0 0.63359375 0.5625 0.05078125 0.47109375
0 0.41484375 0.571875 0.08515625 0.434375
0 0.196875 0.58359375 0.09453125 0.43828125
0 0.5796875 0.584375 0.08984375 0.43671875
0 0.5203125 0.58828125 0.03515625 0.4359375
0 0.871875 0.5921875 0.134375 0.55546875
0 0.6921875 0.5953125 0.05078125 0.4984375
0 0.690625 0.596875 0.10234375 0.4859375
0 0.778125 0.6 0.11171875 0.509375
0 0.27421875 0.61875 0.09609375 0.3921875