0 0.4765625 0.40625 0.02109375 0.05546875
0 0.89453125 0.40625 0.02734375 0.1078125
0 0.86953125 0.4125 0.02109375 0.13125
0 0.9375 0.440625 0.04609375 0.10390625
0 0.540625 0.44609375 0.0578125 0.203125
0 0.3890625 0.45390625 0.03671875 0.17890625
0 0.16953125 0.45390625 0.071875 0.115625
0 0.85234375 0.484375 0.0921875 0.43828125
0 0.46171875 0.5 0.0765625 0.37421875
0 0.28984375 0.5140625 0.246875 0.9484375
0 0.07890625 0.61953125 0.12265625 0.64140625
0 0.6515625 0.63515625 0.140625 0.72890625
0 0.80859375 0.67890625 0.18671875 0.64140625