0 0.51171875 0.4171875 0.0203125 0.01171875
0 0.37734375 0.41796875 0.0203125 0.01484375
0 0.4765625 0.41875 0.0203125 0.01484375
0 0.36640625 0.43125 0.02578125 0.0203125
0 0.33359375 0.43125 0.02421875 0.02421875
0 0.49375 0.43515625 0.02578125 0.0265625
0 0.53515625 0.43671875 0.03828125 0.02734375
0 0.30546875 0.44453125 0.04296875 0.0390625
0 0.24296875 0.45078125 0.04296875 0.03203125
0 0.26953125 0.45078125 0.01015625 0.01953125
0 0.55625 0.45390625 0.0203125 0.03671875
0 0.5984375 0.46484375 0.07421875 0.0609375
0 0.35546875 0.4734375 0.05703125 0.04921875
0 0.6484375 0.48125 0.0984375 0.08515625
0 0.3046875 0.49453125 0.10703125 0.05859375
0 0.71015625 0.53359375 0.12734375 0.1640625
0 0.26015625 0.5484375 0.034375 0.0515625
0 0.8078125 0.59375 0.184375 0.221875
0 0.1578125 0.64453125 0.1484375 0.30078125
0 0.93203125 0.66796875 0.1359375 0.29765625