0 0.24609375 0.21640625 0.0375 0.12890625
0 0.68828125 0.21796875 0.040625 0.12109375
0 0.7515625 0.22109375 0.0421875 0.13125
0 0.4375 0.31328125 0.0453125 0.15234375
0 0.1890625 0.353125 0.0296875 0.08125
0 0.4203125 0.35390625 0.053125 0.1625
0 0.3734375 0.35703125 0.0515625 0.16484375
0 0.15 0.40234375 0.0546875 0.14140625
0 0.24375 0.42890625 0.0578125 0.18359375
0 0.20859375 0.43125 0.034375 0.17109375
0 0.29140625 0.44140625 0.059375 0.19609375
0 0.75703125 0.45078125 0.0640625 0.17734375
0 0.39375 0.52265625 0.0328125 0.06640625
0 0.40703125 0.5375 0.0375 0.0625
0 0.12734375 0.559375 0.034375 0.21484375
0 0.17421875 0.57890625 0.065625 0.22109375
0 0.50390625 0.609375 0.065625 0.18125
0 0.2140625 0.81015625 0.0609375 0.24609375
0 0.190625 0.84765625 0.0921875 0.30234375
0 0.18515625 0.12265625 0.0375 0.1125
0 0.25703125 0.14921875 0.025 0.10234375
0 0.67109375 0.14921875 0.0296875 0.09609375
0 0.771875 0.15546875 0.0390625 0.11484375
0 0.2765625 0.165625 0.03125 0.10390625