0 0.278125 0.29453125 0.0453125 0.13984375
0 0.3609375 0.29921875 0.0390625 0.13359375
0 0.23125 0.30390625 0.046875 0.14140625
0 0.390625 0.51953125 0.0296875 0.06875
0 0.4109375 0.53046875 0.0328125 0.05234375
0 0.50390625 0.609375 0.0640625 0.18125
0 0.06484375 0.64453125 0.08125 0.21015625
0 0.77578125 0.71953125 0.084375 0.24375
0 0.02265625 0.77890625 0.04375 0.27109375
0 0.05625 0.82265625 0.0828125 0.25
0 0.19140625 0.84765625 0.0921875 0.3
0 0.190625 0.109375 0.0359375 0.08984375
0 0.30703125 0.11875 0.0328125 0.07265625
0 0.61640625 0.16640625 0.034375 0.09609375
0 0.68125 0.178125 0.0453125 0.13125