0 0.39296875 0.52265625 0.0609375 0.05859375
0 0.59296875 0.56484375 0.1171875 0.17890625
0 0.07734375 0.603125 0.075 0.21640625
0 0.50390625 0.60703125 0.0640625 0.17890625
0 0.86953125 0.73046875 0.0671875 0.26484375
0 0.82265625 0.74453125 0.0703125 0.25234375
0 0.4515625 0.75546875 0.0734375 0.15234375
0 0.45234375 0.88515625 0.08125 0.22890625
0 0.21171875 0.09140625 0.0234375 0.08359375
0 0.5828125 0.9203125 0.0875 0.159375
0 0.625 0.92265625 0.171875 0.15390625
0 0.66484375 0.92890625 0.0953125 0.14140625
0 0.278125 0.11640625 0.025 0.0625
0 0.3203125 0.12109375 0.0296875 0.06875
0 0.61328125 0.16328125 0.0390625 0.12109375
0 0.6484375 0.171875 0.03125 0.1125