0 0.6796875 0.21328125 0.0375 0.12890625
0 0.34296875 0.25 0.034375 0.12890625
0 0.64765625 0.26875 0.0515625 0.14765625
0 0.7296875 0.27734375 0.040625 0.1375
0 0.24765625 0.30234375 0.0484375 0.15
0 0.284375 0.309375 0.0390625 0.15234375
0 0.70625 0.36640625 0.0828125 0.1375
0 0.309375 0.37265625 0.046875 0.17734375
0 0.36796875 0.378125 0.05 0.16015625
0 0.84453125 0.38515625 0.0453125 0.1375
0 0.79375 0.39921875 0.0515625 0.18359375
0 0.4125 0.4875 0.0359375 0.05390625
0 0.8953125 0.50234375 0.0671875 0.20859375
0 0.39140625 0.50703125 0.025 0.05234375
0 0.83203125 0.5125 0.0625 0.1875
0 0.40703125 0.5375 0.03125 0.04609375
0 0.03828125 0.56171875 0.0734375 0.20625
0 0.08984375 0.56328125 0.0578125 0.21015625
0 0.60625 0.56875 0.1109375 0.17890625
0 0.59453125 0.58203125 0.11875 0.13359375
0 0.7828125 0.59609375 0.065625 0.24140625
0 0.50234375 0.6 0.0625 0.1625
0 0.7203125 0.60625 0.0609375 0.22109375
0 0.93203125 0.746875 0.078125 0.27109375
0 0.04140625 0.75546875 0.065625 0.23359375
0 0.72890625 0.80546875 0.0765625 0.17890625
0 0.4625 0.82578125 0.0796875 0.29375
0 0.23046875 0.153125 0.03125 0.1
0 0.621875 0.20390625 0.0296875 0.1125